{
 "cells": [
  {
   "cell_type": "code",
   "execution_count": 169,
   "metadata": {},
   "outputs": [],
   "source": [
    "import pandas as pd\n",
    "import numpy as np\n",
    "from keras.models import Sequential\n",
    "from keras.layers import Dense, Dropout\n",
    "from sklearn.preprocessing import RobustScaler, MinMaxScaler\n",
    "import matplotlib.pyplot as plt"
   ]
  },
  {
   "cell_type": "code",
   "execution_count": 155,
   "metadata": {},
   "outputs": [
    {
     "data": {
      "text/html": [
       "<div>\n",
       "<table border=\"1\" class=\"dataframe\">\n",
       "  <thead>\n",
       "    <tr style=\"text-align: right;\">\n",
       "      <th></th>\n",
       "      <th>year</th>\n",
       "      <th>month</th>\n",
       "      <th>day</th>\n",
       "      <th>anger_score</th>\n",
       "      <th>disgust_score</th>\n",
       "      <th>fear_score</th>\n",
       "      <th>joy_score</th>\n",
       "      <th>sadness_score</th>\n",
       "      <th>anger_count</th>\n",
       "      <th>disgust_count</th>\n",
       "      <th>fear_count</th>\n",
       "      <th>joy_count</th>\n",
       "      <th>sadness_count</th>\n",
       "      <th>close</th>\n",
       "      <th>open</th>\n",
       "      <th>high</th>\n",
       "      <th>low</th>\n",
       "      <th>change</th>\n",
       "    </tr>\n",
       "  </thead>\n",
       "  <tbody>\n",
       "    <tr>\n",
       "      <th>0</th>\n",
       "      <td>2011</td>\n",
       "      <td>4</td>\n",
       "      <td>11</td>\n",
       "      <td>23.678598</td>\n",
       "      <td>1.862068</td>\n",
       "      <td>3.365532</td>\n",
       "      <td>129.260966</td>\n",
       "      <td>22.046661</td>\n",
       "      <td>28</td>\n",
       "      <td>2</td>\n",
       "      <td>4</td>\n",
       "      <td>150</td>\n",
       "      <td>26</td>\n",
       "      <td>12381.11</td>\n",
       "      <td>12380.43</td>\n",
       "      <td>12476.93</td>\n",
       "      <td>12319.35</td>\n",
       "      <td>0.0001</td>\n",
       "    </tr>\n",
       "    <tr>\n",
       "      <th>1</th>\n",
       "      <td>2011</td>\n",
       "      <td>4</td>\n",
       "      <td>12</td>\n",
       "      <td>23.436641</td>\n",
       "      <td>1.568504</td>\n",
       "      <td>1.807040</td>\n",
       "      <td>110.107599</td>\n",
       "      <td>28.552481</td>\n",
       "      <td>28</td>\n",
       "      <td>2</td>\n",
       "      <td>2</td>\n",
       "      <td>128</td>\n",
       "      <td>33</td>\n",
       "      <td>12263.58</td>\n",
       "      <td>12381.04</td>\n",
       "      <td>12381.04</td>\n",
       "      <td>12185.09</td>\n",
       "      <td>-0.9500</td>\n",
       "    </tr>\n",
       "    <tr>\n",
       "      <th>2</th>\n",
       "      <td>2011</td>\n",
       "      <td>4</td>\n",
       "      <td>13</td>\n",
       "      <td>17.595715</td>\n",
       "      <td>3.441165</td>\n",
       "      <td>3.351268</td>\n",
       "      <td>103.535217</td>\n",
       "      <td>17.206766</td>\n",
       "      <td>21</td>\n",
       "      <td>4</td>\n",
       "      <td>4</td>\n",
       "      <td>121</td>\n",
       "      <td>21</td>\n",
       "      <td>12270.99</td>\n",
       "      <td>12263.73</td>\n",
       "      <td>12372.94</td>\n",
       "      <td>12203.63</td>\n",
       "      <td>0.0006</td>\n",
       "    </tr>\n",
       "    <tr>\n",
       "      <th>3</th>\n",
       "      <td>2011</td>\n",
       "      <td>4</td>\n",
       "      <td>14</td>\n",
       "      <td>16.065135</td>\n",
       "      <td>4.921378</td>\n",
       "      <td>5.183304</td>\n",
       "      <td>102.417106</td>\n",
       "      <td>15.457086</td>\n",
       "      <td>19</td>\n",
       "      <td>6</td>\n",
       "      <td>6</td>\n",
       "      <td>121</td>\n",
       "      <td>18</td>\n",
       "      <td>12285.15</td>\n",
       "      <td>12270.24</td>\n",
       "      <td>12332.71</td>\n",
       "      <td>12137.98</td>\n",
       "      <td>0.0012</td>\n",
       "    </tr>\n",
       "    <tr>\n",
       "      <th>4</th>\n",
       "      <td>2011</td>\n",
       "      <td>4</td>\n",
       "      <td>15</td>\n",
       "      <td>16.869910</td>\n",
       "      <td>1.555661</td>\n",
       "      <td>3.334624</td>\n",
       "      <td>121.630811</td>\n",
       "      <td>14.709462</td>\n",
       "      <td>20</td>\n",
       "      <td>2</td>\n",
       "      <td>4</td>\n",
       "      <td>141</td>\n",
       "      <td>18</td>\n",
       "      <td>12341.83</td>\n",
       "      <td>12285.45</td>\n",
       "      <td>12402.61</td>\n",
       "      <td>12238.34</td>\n",
       "      <td>0.0046</td>\n",
       "    </tr>\n",
       "  </tbody>\n",
       "</table>\n",
       "</div>"
      ],
      "text/plain": [
       "   year  month  day  anger_score  disgust_score  fear_score   joy_score  \\\n",
       "0  2011      4   11    23.678598       1.862068    3.365532  129.260966   \n",
       "1  2011      4   12    23.436641       1.568504    1.807040  110.107599   \n",
       "2  2011      4   13    17.595715       3.441165    3.351268  103.535217   \n",
       "3  2011      4   14    16.065135       4.921378    5.183304  102.417106   \n",
       "4  2011      4   15    16.869910       1.555661    3.334624  121.630811   \n",
       "\n",
       "   sadness_score  anger_count  disgust_count  fear_count  joy_count  \\\n",
       "0      22.046661           28              2           4        150   \n",
       "1      28.552481           28              2           2        128   \n",
       "2      17.206766           21              4           4        121   \n",
       "3      15.457086           19              6           6        121   \n",
       "4      14.709462           20              2           4        141   \n",
       "\n",
       "   sadness_count     close      open      high       low  change  \n",
       "0             26  12381.11  12380.43  12476.93  12319.35  0.0001  \n",
       "1             33  12263.58  12381.04  12381.04  12185.09 -0.9500  \n",
       "2             21  12270.99  12263.73  12372.94  12203.63  0.0006  \n",
       "3             18  12285.15  12270.24  12332.71  12137.98  0.0012  \n",
       "4             18  12341.83  12285.45  12402.61  12238.34  0.0046  "
      ]
     },
     "execution_count": 155,
     "metadata": {},
     "output_type": "execute_result"
    }
   ],
   "source": [
    "data = pd.read_csv(\"data.csv\")\n",
    "data.head()"
   ]
  },
  {
   "cell_type": "code",
   "execution_count": 156,
   "metadata": {},
   "outputs": [],
   "source": [
    "label = pd.DataFrame(data.iloc[:,-5:])\n",
    "data = data.iloc[:,3:13]"
   ]
  },
  {
   "cell_type": "code",
   "execution_count": 157,
   "metadata": {},
   "outputs": [],
   "source": [
    "#밀어버릴날짜 2\n",
    "label = label.iloc[2:,:]\n",
    "data = data.iloc[:-2,:]"
   ]
  },
  {
   "cell_type": "code",
   "execution_count": 158,
   "metadata": {},
   "outputs": [],
   "source": [
    "label = label.reset_index().iloc[:,1:]\n",
    "data = data.reset_index().iloc[:,1:]"
   ]
  },
  {
   "cell_type": "code",
   "execution_count": 99,
   "metadata": {},
   "outputs": [],
   "source": [
    "corr_test = pd.concat([data,label],axis=1)"
   ]
  },
  {
   "cell_type": "code",
   "execution_count": 100,
   "metadata": {},
   "outputs": [
    {
     "data": {
      "text/html": [
       "<div>\n",
       "<table border=\"1\" class=\"dataframe\">\n",
       "  <thead>\n",
       "    <tr style=\"text-align: right;\">\n",
       "      <th></th>\n",
       "      <th>anger_score</th>\n",
       "      <th>disgust_score</th>\n",
       "      <th>fear_score</th>\n",
       "      <th>joy_score</th>\n",
       "      <th>sadness_score</th>\n",
       "      <th>anger_count</th>\n",
       "      <th>disgust_count</th>\n",
       "      <th>fear_count</th>\n",
       "      <th>joy_count</th>\n",
       "      <th>sadness_count</th>\n",
       "      <th>close</th>\n",
       "      <th>open</th>\n",
       "      <th>high</th>\n",
       "      <th>low</th>\n",
       "      <th>change</th>\n",
       "    </tr>\n",
       "  </thead>\n",
       "  <tbody>\n",
       "    <tr>\n",
       "      <th>anger_score</th>\n",
       "      <td>1.000000</td>\n",
       "      <td>0.125116</td>\n",
       "      <td>0.090562</td>\n",
       "      <td>0.072835</td>\n",
       "      <td>0.202284</td>\n",
       "      <td>0.998384</td>\n",
       "      <td>0.117209</td>\n",
       "      <td>0.088000</td>\n",
       "      <td>0.075712</td>\n",
       "      <td>0.197718</td>\n",
       "      <td>0.117636</td>\n",
       "      <td>0.114268</td>\n",
       "      <td>0.112486</td>\n",
       "      <td>0.118244</td>\n",
       "      <td>0.056965</td>\n",
       "    </tr>\n",
       "    <tr>\n",
       "      <th>disgust_score</th>\n",
       "      <td>0.125116</td>\n",
       "      <td>1.000000</td>\n",
       "      <td>0.199419</td>\n",
       "      <td>0.048958</td>\n",
       "      <td>0.187508</td>\n",
       "      <td>0.118555</td>\n",
       "      <td>0.997324</td>\n",
       "      <td>0.188305</td>\n",
       "      <td>0.049880</td>\n",
       "      <td>0.180237</td>\n",
       "      <td>0.135353</td>\n",
       "      <td>0.120955</td>\n",
       "      <td>0.135539</td>\n",
       "      <td>0.129527</td>\n",
       "      <td>0.060422</td>\n",
       "    </tr>\n",
       "    <tr>\n",
       "      <th>fear_score</th>\n",
       "      <td>0.090562</td>\n",
       "      <td>0.199419</td>\n",
       "      <td>1.000000</td>\n",
       "      <td>0.044606</td>\n",
       "      <td>0.257734</td>\n",
       "      <td>0.079961</td>\n",
       "      <td>0.190796</td>\n",
       "      <td>0.997292</td>\n",
       "      <td>0.045456</td>\n",
       "      <td>0.249424</td>\n",
       "      <td>0.052991</td>\n",
       "      <td>0.055013</td>\n",
       "      <td>0.055368</td>\n",
       "      <td>0.056626</td>\n",
       "      <td>-0.015947</td>\n",
       "    </tr>\n",
       "    <tr>\n",
       "      <th>joy_score</th>\n",
       "      <td>0.072835</td>\n",
       "      <td>0.048958</td>\n",
       "      <td>0.044606</td>\n",
       "      <td>1.000000</td>\n",
       "      <td>0.107531</td>\n",
       "      <td>0.071450</td>\n",
       "      <td>0.044923</td>\n",
       "      <td>0.042861</td>\n",
       "      <td>0.997253</td>\n",
       "      <td>0.105754</td>\n",
       "      <td>0.348580</td>\n",
       "      <td>0.343063</td>\n",
       "      <td>0.350459</td>\n",
       "      <td>0.349435</td>\n",
       "      <td>0.053476</td>\n",
       "    </tr>\n",
       "    <tr>\n",
       "      <th>sadness_score</th>\n",
       "      <td>0.202284</td>\n",
       "      <td>0.187508</td>\n",
       "      <td>0.257734</td>\n",
       "      <td>0.107531</td>\n",
       "      <td>1.000000</td>\n",
       "      <td>0.203231</td>\n",
       "      <td>0.188313</td>\n",
       "      <td>0.253023</td>\n",
       "      <td>0.107186</td>\n",
       "      <td>0.998066</td>\n",
       "      <td>0.294700</td>\n",
       "      <td>0.280483</td>\n",
       "      <td>0.286936</td>\n",
       "      <td>0.294684</td>\n",
       "      <td>0.087622</td>\n",
       "    </tr>\n",
       "    <tr>\n",
       "      <th>anger_count</th>\n",
       "      <td>0.998384</td>\n",
       "      <td>0.118555</td>\n",
       "      <td>0.079961</td>\n",
       "      <td>0.071450</td>\n",
       "      <td>0.203231</td>\n",
       "      <td>1.000000</td>\n",
       "      <td>0.111305</td>\n",
       "      <td>0.077839</td>\n",
       "      <td>0.074527</td>\n",
       "      <td>0.199091</td>\n",
       "      <td>0.118942</td>\n",
       "      <td>0.114371</td>\n",
       "      <td>0.113135</td>\n",
       "      <td>0.119149</td>\n",
       "      <td>0.065242</td>\n",
       "    </tr>\n",
       "    <tr>\n",
       "      <th>disgust_count</th>\n",
       "      <td>0.117209</td>\n",
       "      <td>0.997324</td>\n",
       "      <td>0.190796</td>\n",
       "      <td>0.044923</td>\n",
       "      <td>0.188313</td>\n",
       "      <td>0.111305</td>\n",
       "      <td>1.000000</td>\n",
       "      <td>0.180424</td>\n",
       "      <td>0.046334</td>\n",
       "      <td>0.181508</td>\n",
       "      <td>0.134791</td>\n",
       "      <td>0.119613</td>\n",
       "      <td>0.134864</td>\n",
       "      <td>0.128483</td>\n",
       "      <td>0.063297</td>\n",
       "    </tr>\n",
       "    <tr>\n",
       "      <th>fear_count</th>\n",
       "      <td>0.088000</td>\n",
       "      <td>0.188305</td>\n",
       "      <td>0.997292</td>\n",
       "      <td>0.042861</td>\n",
       "      <td>0.253023</td>\n",
       "      <td>0.077839</td>\n",
       "      <td>0.180424</td>\n",
       "      <td>1.000000</td>\n",
       "      <td>0.043902</td>\n",
       "      <td>0.244850</td>\n",
       "      <td>0.053087</td>\n",
       "      <td>0.053524</td>\n",
       "      <td>0.054728</td>\n",
       "      <td>0.056245</td>\n",
       "      <td>-0.011563</td>\n",
       "    </tr>\n",
       "    <tr>\n",
       "      <th>joy_count</th>\n",
       "      <td>0.075712</td>\n",
       "      <td>0.049880</td>\n",
       "      <td>0.045456</td>\n",
       "      <td>0.997253</td>\n",
       "      <td>0.107186</td>\n",
       "      <td>0.074527</td>\n",
       "      <td>0.046334</td>\n",
       "      <td>0.043902</td>\n",
       "      <td>1.000000</td>\n",
       "      <td>0.105452</td>\n",
       "      <td>0.344266</td>\n",
       "      <td>0.340642</td>\n",
       "      <td>0.347294</td>\n",
       "      <td>0.345887</td>\n",
       "      <td>0.044386</td>\n",
       "    </tr>\n",
       "    <tr>\n",
       "      <th>sadness_count</th>\n",
       "      <td>0.197718</td>\n",
       "      <td>0.180237</td>\n",
       "      <td>0.249424</td>\n",
       "      <td>0.105754</td>\n",
       "      <td>0.998066</td>\n",
       "      <td>0.199091</td>\n",
       "      <td>0.181508</td>\n",
       "      <td>0.244850</td>\n",
       "      <td>0.105452</td>\n",
       "      <td>1.000000</td>\n",
       "      <td>0.295306</td>\n",
       "      <td>0.280026</td>\n",
       "      <td>0.286464</td>\n",
       "      <td>0.295235</td>\n",
       "      <td>0.094409</td>\n",
       "    </tr>\n",
       "    <tr>\n",
       "      <th>close</th>\n",
       "      <td>0.117636</td>\n",
       "      <td>0.135353</td>\n",
       "      <td>0.052991</td>\n",
       "      <td>0.348580</td>\n",
       "      <td>0.294700</td>\n",
       "      <td>0.118942</td>\n",
       "      <td>0.134791</td>\n",
       "      <td>0.053087</td>\n",
       "      <td>0.344266</td>\n",
       "      <td>0.295306</td>\n",
       "      <td>1.000000</td>\n",
       "      <td>0.978895</td>\n",
       "      <td>0.992900</td>\n",
       "      <td>0.993527</td>\n",
       "      <td>0.283263</td>\n",
       "    </tr>\n",
       "    <tr>\n",
       "      <th>open</th>\n",
       "      <td>0.114268</td>\n",
       "      <td>0.120955</td>\n",
       "      <td>0.055013</td>\n",
       "      <td>0.343063</td>\n",
       "      <td>0.280483</td>\n",
       "      <td>0.114371</td>\n",
       "      <td>0.119613</td>\n",
       "      <td>0.053524</td>\n",
       "      <td>0.340642</td>\n",
       "      <td>0.280026</td>\n",
       "      <td>0.978895</td>\n",
       "      <td>1.000000</td>\n",
       "      <td>0.991845</td>\n",
       "      <td>0.990464</td>\n",
       "      <td>0.136406</td>\n",
       "    </tr>\n",
       "    <tr>\n",
       "      <th>high</th>\n",
       "      <td>0.112486</td>\n",
       "      <td>0.135539</td>\n",
       "      <td>0.055368</td>\n",
       "      <td>0.350459</td>\n",
       "      <td>0.286936</td>\n",
       "      <td>0.113135</td>\n",
       "      <td>0.134864</td>\n",
       "      <td>0.054728</td>\n",
       "      <td>0.347294</td>\n",
       "      <td>0.286464</td>\n",
       "      <td>0.992900</td>\n",
       "      <td>0.991845</td>\n",
       "      <td>1.000000</td>\n",
       "      <td>0.993904</td>\n",
       "      <td>0.196082</td>\n",
       "    </tr>\n",
       "    <tr>\n",
       "      <th>low</th>\n",
       "      <td>0.118244</td>\n",
       "      <td>0.129527</td>\n",
       "      <td>0.056626</td>\n",
       "      <td>0.349435</td>\n",
       "      <td>0.294684</td>\n",
       "      <td>0.119149</td>\n",
       "      <td>0.128483</td>\n",
       "      <td>0.056245</td>\n",
       "      <td>0.345887</td>\n",
       "      <td>0.295235</td>\n",
       "      <td>0.993527</td>\n",
       "      <td>0.990464</td>\n",
       "      <td>0.993904</td>\n",
       "      <td>1.000000</td>\n",
       "      <td>0.237941</td>\n",
       "    </tr>\n",
       "    <tr>\n",
       "      <th>change</th>\n",
       "      <td>0.056965</td>\n",
       "      <td>0.060422</td>\n",
       "      <td>-0.015947</td>\n",
       "      <td>0.053476</td>\n",
       "      <td>0.087622</td>\n",
       "      <td>0.065242</td>\n",
       "      <td>0.063297</td>\n",
       "      <td>-0.011563</td>\n",
       "      <td>0.044386</td>\n",
       "      <td>0.094409</td>\n",
       "      <td>0.283263</td>\n",
       "      <td>0.136406</td>\n",
       "      <td>0.196082</td>\n",
       "      <td>0.237941</td>\n",
       "      <td>1.000000</td>\n",
       "    </tr>\n",
       "  </tbody>\n",
       "</table>\n",
       "</div>"
      ],
      "text/plain": [
       "               anger_score  disgust_score  fear_score  joy_score  \\\n",
       "anger_score       1.000000       0.125116    0.090562   0.072835   \n",
       "disgust_score     0.125116       1.000000    0.199419   0.048958   \n",
       "fear_score        0.090562       0.199419    1.000000   0.044606   \n",
       "joy_score         0.072835       0.048958    0.044606   1.000000   \n",
       "sadness_score     0.202284       0.187508    0.257734   0.107531   \n",
       "anger_count       0.998384       0.118555    0.079961   0.071450   \n",
       "disgust_count     0.117209       0.997324    0.190796   0.044923   \n",
       "fear_count        0.088000       0.188305    0.997292   0.042861   \n",
       "joy_count         0.075712       0.049880    0.045456   0.997253   \n",
       "sadness_count     0.197718       0.180237    0.249424   0.105754   \n",
       "close             0.117636       0.135353    0.052991   0.348580   \n",
       "open              0.114268       0.120955    0.055013   0.343063   \n",
       "high              0.112486       0.135539    0.055368   0.350459   \n",
       "low               0.118244       0.129527    0.056626   0.349435   \n",
       "change            0.056965       0.060422   -0.015947   0.053476   \n",
       "\n",
       "               sadness_score  anger_count  disgust_count  fear_count  \\\n",
       "anger_score         0.202284     0.998384       0.117209    0.088000   \n",
       "disgust_score       0.187508     0.118555       0.997324    0.188305   \n",
       "fear_score          0.257734     0.079961       0.190796    0.997292   \n",
       "joy_score           0.107531     0.071450       0.044923    0.042861   \n",
       "sadness_score       1.000000     0.203231       0.188313    0.253023   \n",
       "anger_count         0.203231     1.000000       0.111305    0.077839   \n",
       "disgust_count       0.188313     0.111305       1.000000    0.180424   \n",
       "fear_count          0.253023     0.077839       0.180424    1.000000   \n",
       "joy_count           0.107186     0.074527       0.046334    0.043902   \n",
       "sadness_count       0.998066     0.199091       0.181508    0.244850   \n",
       "close               0.294700     0.118942       0.134791    0.053087   \n",
       "open                0.280483     0.114371       0.119613    0.053524   \n",
       "high                0.286936     0.113135       0.134864    0.054728   \n",
       "low                 0.294684     0.119149       0.128483    0.056245   \n",
       "change              0.087622     0.065242       0.063297   -0.011563   \n",
       "\n",
       "               joy_count  sadness_count     close      open      high  \\\n",
       "anger_score     0.075712       0.197718  0.117636  0.114268  0.112486   \n",
       "disgust_score   0.049880       0.180237  0.135353  0.120955  0.135539   \n",
       "fear_score      0.045456       0.249424  0.052991  0.055013  0.055368   \n",
       "joy_score       0.997253       0.105754  0.348580  0.343063  0.350459   \n",
       "sadness_score   0.107186       0.998066  0.294700  0.280483  0.286936   \n",
       "anger_count     0.074527       0.199091  0.118942  0.114371  0.113135   \n",
       "disgust_count   0.046334       0.181508  0.134791  0.119613  0.134864   \n",
       "fear_count      0.043902       0.244850  0.053087  0.053524  0.054728   \n",
       "joy_count       1.000000       0.105452  0.344266  0.340642  0.347294   \n",
       "sadness_count   0.105452       1.000000  0.295306  0.280026  0.286464   \n",
       "close           0.344266       0.295306  1.000000  0.978895  0.992900   \n",
       "open            0.340642       0.280026  0.978895  1.000000  0.991845   \n",
       "high            0.347294       0.286464  0.992900  0.991845  1.000000   \n",
       "low             0.345887       0.295235  0.993527  0.990464  0.993904   \n",
       "change          0.044386       0.094409  0.283263  0.136406  0.196082   \n",
       "\n",
       "                    low    change  \n",
       "anger_score    0.118244  0.056965  \n",
       "disgust_score  0.129527  0.060422  \n",
       "fear_score     0.056626 -0.015947  \n",
       "joy_score      0.349435  0.053476  \n",
       "sadness_score  0.294684  0.087622  \n",
       "anger_count    0.119149  0.065242  \n",
       "disgust_count  0.128483  0.063297  \n",
       "fear_count     0.056245 -0.011563  \n",
       "joy_count      0.345887  0.044386  \n",
       "sadness_count  0.295235  0.094409  \n",
       "close          0.993527  0.283263  \n",
       "open           0.990464  0.136406  \n",
       "high           0.993904  0.196082  \n",
       "low            1.000000  0.237941  \n",
       "change         0.237941  1.000000  "
      ]
     },
     "execution_count": 100,
     "metadata": {},
     "output_type": "execute_result"
    }
   ],
   "source": [
    "corr_test.corr()\n",
    "#결과를 보면 close랑 joy_score랑 상관관계 0.3485가 최대\n",
    "#1일밀은거, 2일민거 ,3일민거 4일, 5일까지 밀어봤는데 다비슷하지만\n",
    "#2일이 최대"
   ]
  },
  {
   "cell_type": "code",
   "execution_count": 111,
   "metadata": {},
   "outputs": [
    {
     "data": {
      "text/html": [
       "<div>\n",
       "<table border=\"1\" class=\"dataframe\">\n",
       "  <thead>\n",
       "    <tr style=\"text-align: right;\">\n",
       "      <th></th>\n",
       "      <th>close</th>\n",
       "      <th>open</th>\n",
       "      <th>high</th>\n",
       "      <th>low</th>\n",
       "      <th>change</th>\n",
       "    </tr>\n",
       "  </thead>\n",
       "  <tbody>\n",
       "    <tr>\n",
       "      <th>0</th>\n",
       "      <td>12270.99</td>\n",
       "      <td>12263.73</td>\n",
       "      <td>12372.94</td>\n",
       "      <td>12203.63</td>\n",
       "      <td>0.0006</td>\n",
       "    </tr>\n",
       "    <tr>\n",
       "      <th>1</th>\n",
       "      <td>12285.15</td>\n",
       "      <td>12270.24</td>\n",
       "      <td>12332.71</td>\n",
       "      <td>12137.98</td>\n",
       "      <td>0.0012</td>\n",
       "    </tr>\n",
       "    <tr>\n",
       "      <th>2</th>\n",
       "      <td>12341.83</td>\n",
       "      <td>12285.45</td>\n",
       "      <td>12402.61</td>\n",
       "      <td>12238.34</td>\n",
       "      <td>0.0046</td>\n",
       "    </tr>\n",
       "    <tr>\n",
       "      <th>3</th>\n",
       "      <td>12201.59</td>\n",
       "      <td>12339.71</td>\n",
       "      <td>12339.79</td>\n",
       "      <td>12093.89</td>\n",
       "      <td>-1.1400</td>\n",
       "    </tr>\n",
       "    <tr>\n",
       "      <th>4</th>\n",
       "      <td>12266.75</td>\n",
       "      <td>12201.44</td>\n",
       "      <td>12320.53</td>\n",
       "      <td>12163.29</td>\n",
       "      <td>0.0053</td>\n",
       "    </tr>\n",
       "  </tbody>\n",
       "</table>\n",
       "</div>"
      ],
      "text/plain": [
       "      close      open      high       low  change\n",
       "0  12270.99  12263.73  12372.94  12203.63  0.0006\n",
       "1  12285.15  12270.24  12332.71  12137.98  0.0012\n",
       "2  12341.83  12285.45  12402.61  12238.34  0.0046\n",
       "3  12201.59  12339.71  12339.79  12093.89 -1.1400\n",
       "4  12266.75  12201.44  12320.53  12163.29  0.0053"
      ]
     },
     "execution_count": 111,
     "metadata": {},
     "output_type": "execute_result"
    }
   ],
   "source": [
    "label.head()"
   ]
  },
  {
   "cell_type": "code",
   "execution_count": 159,
   "metadata": {},
   "outputs": [],
   "source": [
    "train_data = data.iloc[:-50,:]\n",
    "test_data = data.iloc[-50:,:]\n",
    "train_label = label.iloc[:-50,0]\n",
    "test_label = label.iloc[-50:,0]"
   ]
  },
  {
   "cell_type": "code",
   "execution_count": 160,
   "metadata": {},
   "outputs": [],
   "source": [
    "#데이터와 label 따로 scaling진행함\n",
    "scaler_1 = RobustScaler()\n",
    "scaler_2 = RobustScaler()\n",
    "scale_data= scaler_1.fit_transform(train_data)\n",
    "scale_label = pd.DataFrame(scaler_2.fit_transform(pd.DataFrame(train_label)))"
   ]
  },
  {
   "cell_type": "code",
   "execution_count": 161,
   "metadata": {},
   "outputs": [],
   "source": [
    "scale_data = pd.DataFrame(scale_data,columns=['anger_score', 'disgust_score', 'fear_score',\n",
    "       'joy_score', 'sadness_score', 'anger_count', 'disgust_count',\n",
    "       'fear_count', 'joy_count', 'sadness_count'])"
   ]
  },
  {
   "cell_type": "code",
   "execution_count": 24,
   "metadata": {},
   "outputs": [],
   "source": [
    "test_data = pd.DataFrame(scaler_1.transform(test_data),columns=['anger_score', 'disgust_score', 'fear_score',\n",
    "       'joy_score', 'sadness_score', 'anger_count', 'disgust_count',\n",
    "       'fear_count', 'joy_count', 'sadness_count'])\n",
    "test_label = pd.DataFrame(scaler_2.transform(test_label.reshape(-1,1)))"
   ]
  },
  {
   "cell_type": "code",
   "execution_count": 118,
   "metadata": {},
   "outputs": [],
   "source": [
    "import xgboost as xgb\n",
    "from sklearn.ensemble import RandomForestRegressor,  GradientBoostingRegressor"
   ]
  },
  {
   "cell_type": "code",
   "execution_count": 164,
   "metadata": {},
   "outputs": [],
   "source": [
    "from sklearn.linear_model import ElasticNet, Lasso,  BayesianRidge, LassoLarsIC\n",
    "from sklearn.ensemble import RandomForestRegressor,  GradientBoostingRegressor\n",
    "from sklearn.kernel_ridge import KernelRidge"
   ]
  },
  {
   "cell_type": "code",
   "execution_count": 167,
   "metadata": {},
   "outputs": [],
   "source": [
    "lasso = Lasso(alpha =0.005, random_state=1)\n",
    "lasso.fit(scale_data,scale_label)\n",
    "\n",
    "res = lasso.predict(test_data)\n",
    "my_test = scaler_2.inverse_transform(res.reshape(-1,1))"
   ]
  },
  {
   "cell_type": "code",
   "execution_count": 189,
   "metadata": {},
   "outputs": [],
   "source": [
    "ENet = ElasticNet(alpha=0.005, l1_ratio=.6, random_state=3)\n",
    "ENet.fit(scale_data,scale_label)\n",
    "\n",
    "res = ENet.predict(test_data)\n",
    "my_test = scaler_2.inverse_transform(res.reshape(-1,1))"
   ]
  },
  {
   "cell_type": "code",
   "execution_count": 193,
   "metadata": {},
   "outputs": [
    {
     "name": "stderr",
     "output_type": "stream",
     "text": [
      "C:\\Users\\sh2\\Anaconda3\\lib\\site-packages\\sklearn\\utils\\validation.py:578: DataConversionWarning: A column-vector y was passed when a 1d array was expected. Please change the shape of y to (n_samples, ), for example using ravel().\n",
      "  y = column_or_1d(y, warn=True)\n"
     ]
    }
   ],
   "source": [
    "BRidge = BayesianRidge()\n",
    "BRidge.fit(scale_data,scale_label)\n",
    "res = BRidge.predict(test_data)\n",
    "my_test = scaler_2.inverse_transform(res.reshape(-1,1))"
   ]
  },
  {
   "cell_type": "code",
   "execution_count": 209,
   "metadata": {},
   "outputs": [],
   "source": [
    "xgb_m = xgb.XGBRegressor()\n",
    "xgb_m.fit(scale_data,scale_label)\n",
    "res = xgb_m.predict(test_data)\n",
    "my_test = scaler_2.inverse_transform(res.reshape(-1,1))"
   ]
  },
  {
   "cell_type": "code",
   "execution_count": 213,
   "metadata": {},
   "outputs": [],
   "source": [
    "KRR = KernelRidge(alpha=0.1, kernel='polynomial', degree=1, coef0=5)\n",
    "KRR.fit(scale_data,scale_label)\n",
    "res = KRR.predict(test_data)\n",
    "my_test = scaler_2.inverse_transform(res.reshape(-1,1))"
   ]
  },
  {
   "cell_type": "code",
   "execution_count": 219,
   "metadata": {},
   "outputs": [
    {
     "name": "stderr",
     "output_type": "stream",
     "text": [
      "C:\\Users\\sh2\\Anaconda3\\lib\\site-packages\\ipykernel_launcher.py:2: DataConversionWarning: A column-vector y was passed when a 1d array was expected. Please change the shape of y to (n_samples,), for example using ravel().\n",
      "  \n"
     ]
    }
   ],
   "source": [
    "RForest = RandomForestRegressor()\n",
    "RForest.fit(scale_data,scale_label)\n",
    "res = RForest.predict(test_data)\n",
    "my_test = scaler_2.inverse_transform(res.reshape(-1,1))"
   ]
  },
  {
   "cell_type": "code",
   "execution_count": 619,
   "metadata": {},
   "outputs": [
    {
     "name": "stderr",
     "output_type": "stream",
     "text": [
      "C:\\Users\\sh2\\Anaconda3\\lib\\site-packages\\sklearn\\utils\\validation.py:578: DataConversionWarning: A column-vector y was passed when a 1d array was expected. Please change the shape of y to (n_samples, ), for example using ravel().\n",
      "  y = column_or_1d(y, warn=True)\n"
     ]
    },
    {
     "data": {
      "text/html": [
       "<div>\n",
       "<table border=\"1\" class=\"dataframe\">\n",
       "  <thead>\n",
       "    <tr style=\"text-align: right;\">\n",
       "      <th></th>\n",
       "      <th>0</th>\n",
       "      <th>0</th>\n",
       "    </tr>\n",
       "  </thead>\n",
       "  <tbody>\n",
       "    <tr>\n",
       "      <th>0</th>\n",
       "      <td>1.000000</td>\n",
       "      <td>0.442323</td>\n",
       "    </tr>\n",
       "    <tr>\n",
       "      <th>0</th>\n",
       "      <td>0.442323</td>\n",
       "      <td>1.000000</td>\n",
       "    </tr>\n",
       "  </tbody>\n",
       "</table>\n",
       "</div>"
      ],
      "text/plain": [
       "          0         0\n",
       "0  1.000000  0.442323\n",
       "0  0.442323  1.000000"
      ]
     },
     "execution_count": 619,
     "metadata": {},
     "output_type": "execute_result"
    }
   ],
   "source": [
    "GBoost = GradientBoostingRegressor(min_samples_split=0.65,max_depth=4,random_state=2,\\\n",
    "                                  learning_rate =0.11, n_estimators=101)\n",
    "GBoost.fit(scale_data,scale_label)\n",
    "res = GBoost.predict(test_data)\n",
    "my_test = scaler_2.inverse_transform(res.reshape(-1,1))\n",
    "test_cor = pd.concat([pd.DataFrame(my_test),pd.DataFrame(real_value)],axis=1)\n",
    "test_cor.corr()"
   ]
  },
  {
   "cell_type": "code",
   "execution_count": 526,
   "metadata": {},
   "outputs": [],
   "source": [
    "#lasso correlation 0.355745\n",
    "#ENet correlation 0.354781\n",
    "#basianRidge 0.349667\n",
    "#GBoost 0.368922 ->0.386 -> 0.415 -> 0.423 ->0.44\n",
    "#xgboost 0.2767\n",
    "#KRR 0.360783"
   ]
  },
  {
   "cell_type": "code",
   "execution_count": 527,
   "metadata": {},
   "outputs": [
    {
     "data": {
      "text/html": [
       "<div>\n",
       "<table border=\"1\" class=\"dataframe\">\n",
       "  <thead>\n",
       "    <tr style=\"text-align: right;\">\n",
       "      <th></th>\n",
       "      <th>0</th>\n",
       "      <th>0</th>\n",
       "    </tr>\n",
       "  </thead>\n",
       "  <tbody>\n",
       "    <tr>\n",
       "      <th>0</th>\n",
       "      <td>1.00000</td>\n",
       "      <td>0.40333</td>\n",
       "    </tr>\n",
       "    <tr>\n",
       "      <th>0</th>\n",
       "      <td>0.40333</td>\n",
       "      <td>1.00000</td>\n",
       "    </tr>\n",
       "  </tbody>\n",
       "</table>\n",
       "</div>"
      ],
      "text/plain": [
       "         0        0\n",
       "0  1.00000  0.40333\n",
       "0  0.40333  1.00000"
      ]
     },
     "execution_count": 527,
     "metadata": {},
     "output_type": "execute_result"
    }
   ],
   "source": []
  },
  {
   "cell_type": "code",
   "execution_count": 365,
   "metadata": {},
   "outputs": [],
   "source": [
    "#plot은 조금 별로로 보일수 있지만 눈으로보는것보다\n",
    "#상관관계가 높으면 학습이 잘됨."
   ]
  },
  {
   "cell_type": "code",
   "execution_count": 232,
   "metadata": {},
   "outputs": [
    {
     "data": {
      "text/plain": [
       "[<matplotlib.lines.Line2D at 0x1b692d58668>]"
      ]
     },
     "execution_count": 232,
     "metadata": {},
     "output_type": "execute_result"
    },
    {
     "data": {
